﻿﻿﻿﻿﻿﻿﻿634
979
721
662
751
689
692
642
214
457
647
509
137
152
350
166
712
684
648
49
268
37
558
687
633
657
632
7
253
730
535
25
151
562
631
680
403
976
532
906
891
896
885
526
393
550
195
254
511
920
981
725
282
950
27
959
51
100
649
279
523
280
536
992
977
189
970
416
239
659
561
243
973
991
286
186
507
564
158
44
756
700
284
294
651
918
909
59
895
375
411
685
929
15
271
641
368
191
510
136
174
521
30
997
3
212
533
29
144
54
211
709
923
953
640
383
370
875
783
905
907
60
556
241
159
400
831
209
757
6
547
506
272
382
215
170
428
154
772
421
922
321
263
287
301
423
552
947
249
798
932
16
867
28
861
972
55
138
566
63
53
926
315
388
675
223
538
957
860
4
33
58
565
933
178
381
775
325
206
172
914
291
830
36
337
197
384
822
5
717
800
853
127
527
881
745
252
880
435
293
153
395
57
179
307
417
155
56
181
397
422
833
837
819
515
132
434
563
255
310
814
646
327
240
464
371
20
431
731
839
147
45
113
292
650
995
242
984
806
807
764
884
528
910
786
931
297
496
560
354
69
701
398
445
694
904
971
43
505
827
544
118
401
858
71
495
459
743
682
433
519
985
842
537
719
749
967
946
666
835
703
795
196
142
916
380
639
449
305
369
645
414
258
705
656
93
518
522
737
161
761
224
205
516
828
405
245
302
346
846
410
637
78
546
96
126
406
930
356
469
228
82
391
897
530
478
218
542
982
870
419
890
110
514
309
848
295
199
553
404
874
524
862
960
557
425
204
343
841
716
128
89
859
567
187
281
974
555
543
559
660
108
794
811
104
983
746
792
94
539
937
871
804
131
184
541
653
753
455
238
793
728
320
695
497
129
116
72
844
167
888
87
441
707
274
554
415
733
529
813
843
267
86
679
652
140
143
531
778
366
319
704
638
758
665
551
513
84
420
708
508
763
856
760
964
148
333
771
534
770
644
436
112
517
463
190
548
739
163
311
289
943
351
545
780
80
994
810
817
150
855
115
324
676
693
790
935
162
520
802
298
38
832
134
46
677
808
225
9
540
525
439
266
219
911
549
667
582
409
747
812
430
491
674
394
723
883
878
654
699
482
503
597
32
165
479
686
362
919
661
941
352
133
156
955
500
193
62
498
47
825
608
777
175
130
232
42
389
630
591
504
192
355
713
740
820
177
207
501
149
773
426
898
876
729
180
146
323
624
718
341
963
604
14
365
829
615
720
285
119
894
318
726
797
462
1
13
579
969
796
40
917
19
121
256
899
261
818
65
200
872
135
107
317
588
74
866
114
273
722
958
340
715
379
139
145
176
50
277
248
34
424
367
732
826
863
589
385
171
168
17
949
8
92
663
951
446
21
160
845
620
473
587
467
447
235
847
237
329
164
735
672
342
799
658
610
450
998
714
182
691
869
966
194
612
635
328
169
987
230
485
476
288
724
489
98
64
222
330
185
91
141
364
331
636
850
123
264
427
386
173
257
595
592
690
122
840
208
655
75
816
477
418
471
938
948
852
283
493
198
619
785
444
236
183
488
472
805
39
357
824
765
754
934
781
227
413
776
710
157
231
480
251
229
886
412
613
217
603
882
312
569
68
12
924
900
738
203
596
913
296
460
456
877
988
338
629
838
336
250
936
625
313
892
952
986
903
468
105
360
915
755
345
774
927
590
989
210
11
683
202
213
76
734
377
766
303
408
965
85
978
664
201
316
873
788
606
246
864
437
220
247
673
849
711
607
803
681
438
616
390
586
706
696
744
584
836
443
594
956
784
474
643
347
602
466
996
221
226
779
999
593
458
990
52
980
968
233
234
216
865
35
244
668
26
326
429
88
622
188
702
787
741
103
697
614
269
887
111
70
688
483
609
669
276
484
10
124
769
125
66
387
585
494
618
851
392
18
601
671
599
344
322
568
117
332
79
961
278
678
925
31
265
742
868
453
83
621
440
349
939
399
299
736
600
300
106
304
993
451
67
374
81
748
902
801
22
61
492
821
470
954
120
2
41
575
73
893
628
290
487
908
611
750
24
727
23
95
889
583
275
432
791
308
48
475
698
962
372
90
879
944
77
854
101
572
402
1000
407
945
975
99
486
752
448
626
481
102
465
834
396
353
580
670
109
454
598
270
571
502
577
823
815
570
262
442
461
339
623
573
499
452
490
574
912
857
901
617
605
361
373
940
789
759
260
306
768
921
767
576
942
627
762
314
363
928
335
348
578
358
581
359